        x200                y200             sp1     sp2     seg       pe
#             200             420             961       3   28.2000000000     -0.999999452152      0.250000017282       20.5461609618       1.00000000000             10
   5.00000000000     -0.804020100503           1       3       1   15.3451596988    
   5.04020100503     -0.603015075377           1       3       1   15.3552105035    
   5.79396984925     -0.603015075377           1       3       1   14.6014420511    
 
   5.79396984925     -0.603015075377           3       2       2   14.6014420511    
   9.00000000000     -0.603015075377           3       2       2   11.3954127998    
   9.00000000000     -0.804020100503           3       2       2   11.3451610064    
 
   5.79396984925     -0.603015075377           2       1       3   14.6014420511    
   5.80266744644      -79.5979899497           2       1       3  -5.14730521014    
   5.78391959799      -80.0000000000           2       1       3  -5.23775735871    
 
   5.00000000000      -80.0000000000           1      99       4  -4.45383778457    
   5.00000000000     -0.804020100503           1      99       4   15.3451596988    
 
   5.00000000000     -0.804020100503           3      99       5   15.3451596988    
   5.00000000000       0.00000000000           3      99       5   15.5461685090    
 
   5.00000000000       0.00000000000           3      99       6   15.5461685090    
   9.00000000000       0.00000000000           3      99       6   11.5461698166    
 
   9.00000000000      -80.0000000000           2      99       7  -8.45383704840    
   9.00000000000     -0.804020100503           2      99       7   11.3451610064    
 
   9.00000000000     -0.804020100503           3      99       8   11.3451610064    
   9.00000000000       0.00000000000           3      99       8   11.5461698166    
 
   5.00000000000      -80.0000000000           1      99       9  -4.45383778457    
   5.78391959799      -80.0000000000           1      99       9  -5.23775735871    
 
   5.78391959799      -80.0000000000           2      99      10  -5.23775735871    
   9.00000000000      -80.0000000000           2      99      10  -8.45383704840    
 
