        x200                y200             sp1     sp2     seg       pe
#             200             795            1748      10   28.2000000000     -0.999999907130      0.249999968449       20.5461753638       1.00000000000             16
   5.00000000000      -74.3718592965           1       2       1  -3.04678660069    
   5.04020100503      -74.1708542714           1       2       1  -3.03673634978    
   8.85929648241      -74.1708542714           1       2       1  -6.85583145504    
   8.87342847204      -74.3718592965           1       2       1  -6.91613296214    
   9.00000000000      -74.4350966292           1       2       1  -7.09703741626    
   9.00000000000      -74.7738693467           1       2       1  -7.14728866948    
 
   5.00000000000      -49.4472361809           2       6       2   3.18436989353    
   5.04020100503      -49.1722050569           2       6       2   3.19442016469    
   6.63819095477      -52.4623115578           2       6       2  0.792412916098    
 
   6.63819095477      -52.4623115578           7       6       3  0.792412916098    
   6.64717716272      -51.4572864322           7       6       3   1.04366946748    
   6.64719122154      -38.1909547739           7       6       3   4.36025221888    
   6.64668096905     -0.804020100503           7       6       3   13.7069870821    
   6.63819095477     -0.603015075377           7       6       3   13.7572387016    
 
   6.63819095477      -52.4623115578           7       2       4  0.792412916098    
   9.00000000000      -61.9095477387           7       2       4  -3.93120688724    
 
   6.63819095477     -0.603015075377           9       6       5   13.7572387016    
   5.02010050251     -0.603015075377           9       6       5   15.3753263124    
   5.00000000000     -0.804020100503           9       6       5   15.3451750094    
 
   6.63819095477     -0.603015075377           9       7       6   13.7572387016    
   9.00000000000     -0.603015075377           9       7       6   11.3954280259    
   9.00000000000     -0.804020100503           9       7       6   11.3451762331    
 
   5.00000000000      -80.0000000000           1      99       7  -4.45382157744    
   5.00000000000      -74.3718592965           1      99       7  -3.04678660069    
 
   5.00000000000      -74.3718592965           2      99       8  -3.04678660069    
   5.00000000000      -49.4472361809           2      99       8   3.18436989353    
 
   5.00000000000      -49.4472361809           6      99       9   3.18436989353    
   5.00000000000     -0.804020100503           6      99       9   15.3451750094    
 
   5.00000000000     -0.804020100503           9      99      10   15.3451750094    
   5.00000000000       0.00000000000           9      99      10   15.5461838150    
 
   5.00000000000       0.00000000000           9      99      11   15.5461838150    
   9.00000000000       0.00000000000           9      99      11   11.5461850393    
 
   9.00000000000      -80.0000000000           1      99      12  -8.45382114793    
   9.00000000000      -74.7738693467           1      99      12  -7.14728866948    
 
   9.00000000000      -74.7738693467           2      99      13  -7.14728866948    
   9.00000000000      -61.9095477387           2      99      13  -3.93120688724    
 
   9.00000000000      -61.9095477387           7      99      14  -3.93120688724    
   9.00000000000     -0.804020100503           7      99      14   11.3451762331    
 
   9.00000000000     -0.804020100503           9      99      15   11.3451762331    
   9.00000000000       0.00000000000           9      99      15   11.5461850393    
 
   5.00000000000      -80.0000000000           1      99      16  -4.45382157744    
   9.00000000000      -80.0000000000           1      99      16  -8.45382114793    
 
