        x200                y200             sp1     sp2     seg       pe
#             200             959            2115      10   28.2000000000     -0.999999420982      0.249999660706       20.5461324807       1.00000000000             19
   5.00000000000      -72.7638190955           1       3       1  -2.64479390991    
   8.26633165829      -72.5628140704           1       3       1  -5.86087316411    
 
   8.26633165829      -72.5628140704           5       3       2  -5.86087316411    
   8.23618090452      -72.1608040201           5       3       2  -5.73021837141    
   8.21608040201      -72.3262356048           5       3       2  -5.71011797125    
   7.95477386935      -72.0020227877           5       3       2  -5.44881299409    
   7.91457286432      -71.7587939698           5       3       2  -5.30810787111    
   7.69346733668      -71.7547904708           5       3       2  -5.08700350698    
   7.53266331658      -71.3567839196           5       3       2  -4.82569586251    
   7.41206030151      -71.4606894956           5       3       2  -4.70509332473    
   7.13946396376      -71.1557788945           5       3       2  -4.38348609972    
   7.13065326633      -70.9547738693           5       3       2  -4.32318351576    
   6.86934673367      -70.9542345877           5       3       2  -4.06187807552    
   6.68912776312      -70.7537688442           5       3       2  -3.84077256463    
   6.68844221106      -70.5527638191           5       3       2  -3.78047020953    
   6.31658291457      -70.5527638191           5       3       2  -3.40861231749    
 
   8.26633165829      -72.5628140704           5       1       3  -5.86087316411    
   8.67839195980      -72.6409697371           5       1       3  -6.27293165836    
   8.92964824121      -72.9648241206           5       1       3  -6.62469079320    
 
   6.31658291457      -70.5527638191           4       3       4  -3.40861231749    
   5.71500864360      -70.3517587940           4       3       4  -2.75534651634    
   5.70351758794      -70.1507537688           4       3       4  -2.69504433286    
   5.02010050251      -70.1507537688           4       3       4  -2.01162766460    
   5.00000000000      -70.3517587940           4       3       4  -2.04177914808    
 
   6.31658291457      -70.5527638191           5       4       5  -3.40861231749    
   6.31658291457     -0.603015075377           5       4       5   14.0788296504    
 
   8.92964824121      -72.9648241206           7       5       6  -6.62469079320    
   8.89968148617      -72.3618090452           7       5       6  -6.45383606489    
   8.91138646254      -68.7437185930           7       5       6  -5.54931300575    
   8.90954773869     -0.603015075377           7       5       6   11.4858650622    
 
   8.92964824121      -72.9648241206           7       1       7  -6.62469079320    
   9.00000000000      -72.9648241206           7       1       7  -6.69504256099    
   9.00000000000      -73.1658291457           7       1       7  -6.74529402885    
 
   6.31658291457     -0.603015075377           9       4       8   14.0788296504    
   5.02010050251     -0.603015075377           9       4       8   15.3753109977    
   5.00000000000     -0.804020100502           9       4       8   15.3451596988    
 
   6.31658291457     -0.603015075377           9       5       9   14.0788296504    
   8.90954773869     -0.603015075377           9       5       9   11.4858650622    
 
   8.90954773869     -0.603015075377           9       7      10   11.4858650622    
   9.00000000000     -0.603015075377           9       7      10   11.3954127998    
   9.00000000000     -0.804020100502           9       7      10   11.3451610064    
 
   5.00000000000      -80.0000000000           1      99      11  -4.45383778457    
   5.00000000000      -72.7638190955           1      99      11  -2.64479390991    
 
   5.00000000000      -72.7638190955           3      99      12  -2.64479390991    
   5.00000000000      -70.3517587940           3      99      12  -2.04177914808    
 
   5.00000000000      -70.3517587940           4      99      13  -2.04177914808    
   5.00000000000     -0.804020100502           4      99      13   15.3451596988    
 
   5.00000000000     -0.804020100502           9      99      14   15.3451596988    
   5.00000000000       0.00000000000           9      99      14   15.5461685090    
 
   5.00000000000       0.00000000000           9      99      15   15.5461685090    
   9.00000000000       0.00000000000           9      99      15   11.5461698166    
 
   9.00000000000      -80.0000000000           1      99      16  -8.45383704840    
   9.00000000000      -73.1658291457           1      99      16  -6.74529402885    
 
   9.00000000000      -73.1658291457           7      99      17  -6.74529402885    
   9.00000000000     -0.804020100502           7      99      17   11.3451610064    
 
   9.00000000000     -0.804020100502           9      99      18   11.3451610064    
   9.00000000000       0.00000000000           9      99      18   11.5461698166    
 
   5.00000000000      -80.0000000000           1      99      19  -4.45383778457    
   9.00000000000      -80.0000000000           1      99      19  -8.45383704840    
 
