        x200                y200             sp1     sp2     seg       pe
#             200             977            2188       9   28.2000000000     -0.999999588125      0.249998997870       20.5461004339      0.999999999999             22
   5.00000000000      -73.1658291457           1       4       1  -2.74528013012    
   5.04020100503      -72.9228388045           1       4       1  -2.73523102884    
   8.51758793970      -72.8632576164           1       4       1  -6.21261651823    
   8.58970802428      -72.7638190955           1       4       1  -6.23271654169    
   8.58793969849      -72.5628140704           1       4       1  -6.18246338543    
 
   8.58793969849      -72.5628140704           6       4       2  -6.18246338543    
   8.42713567839      -72.5628140704           6       4       2  -6.02166262335    
 
   8.58793969849      -72.5628140704           6       1       3  -6.18246338543    
   8.63819095477      -72.9648241206           6       1       3  -6.33321839445    
   9.00000000000      -73.1658291457           6       1       3  -6.74527806242    
 
   8.42713567839      -72.5628140704           5       4       4  -6.02166262335    
   8.40703517588      -72.1608040201           5       4       4  -5.90105558186    
 
   8.42713567839      -72.5628140704           6       5       5  -6.02166262335    
   8.40703517588      -72.1608040201           6       5       5  -5.90105558186    
 
   8.40703517588      -72.1608040201           6       4       6  -5.90105558186    
   8.36683417085      -72.1608040201           6       4       6  -5.86085482684    
 
   8.36683417085      -72.1608040201           5       4       7  -5.86085482684    
   8.21608040201      -72.1172400818           5       4       7  -5.71010334651    
   8.15577889447      -71.7587939698           5       4       7  -5.54929753862    
   7.97487437186      -71.7994325808           5       4       7  -5.36839399628    
   7.80806582681      -71.5577889447           5       4       7  -5.14728899479    
   7.79396984925      -71.3567839196           5       4       7  -5.08698521949    
   7.49246231156      -71.2783432245           5       4       7  -4.78548063661    
   7.40291594310      -71.1557788945           5       4       7  -4.64477647551    
   7.39195979899      -70.9547738693           5       4       7  -4.58447285287    
   7.25125628141      -71.0507228870           5       4       7  -4.44377023459    
   6.97713243942      -70.7537688442           5       4       7  -4.12216340025    
   6.96984924623      -70.5527638191           5       4       7  -4.06186002384    
   6.76884422111      -70.6146244556           5       4       7  -3.86085621554    
   6.50089199913      -70.3517587940           5       4       7  -3.53924901983    
   6.48743718593      -70.1507537688           5       4       7  -3.47894611358    
   6.29648241206      -70.1507537688           5       4       7  -3.28799205998    
 
   8.36683417085      -72.1608040201           6       5       8  -5.86085482684    
   8.36683417085     -0.603015075377           6       5       8   12.0285947574    
 
   6.29648241206      -70.1507537688           4       3       9  -3.28799205998    
   5.02010050251      -70.0791416907           4       3       9  -2.01161343286    
   5.00000000000      -70.3517587940           4       3       9  -2.04176516223    
 
   6.29648241206      -70.1507537688           5       3      10  -3.28799205998    
   6.30642006148      -69.1457286432           5       3      10  -3.03673414078    
   6.30600933888     -0.804020100502           5       3      10   14.0486946977    
   6.29648241206     -0.603015075377           5       3      10   14.0989464172    
 
   8.36683417085     -0.603015075377           8       5      11   12.0285947574    
   6.29648241206     -0.603015075377           8       5      11   14.0989464172    
 
   8.36683417085     -0.603015075377           8       6      12   12.0285947574    
   9.00000000000     -0.603015075377           8       6      12   11.3954280259    
   9.00000000000     -0.804020100502           8       6      12   11.3451762331    
 
   6.29648241206     -0.603015075377           8       3      13   14.0989464172    
   5.02010050251     -0.603015075377           8       3      13   15.3753263124    
   5.00000000000     -0.804020100502           8       3      13   15.3451750094    
 
   5.00000000000      -80.0000000000           1      99      14  -4.45382157397    
   5.00000000000      -73.1658291457           1      99      14  -2.74528013012    
 
   5.00000000000      -73.1658291457           4      99      15  -2.74528013012    
   5.00000000000      -70.3517587940           4      99      15  -2.04176516223    
 
   5.00000000000      -70.3517587940           3      99      16  -2.04176516223    
   5.00000000000     -0.804020100502           3      99      16   15.3451750094    
 
   5.00000000000     -0.804020100502           8      99      17   15.3451750094    
   5.00000000000       0.00000000000           8      99      17   15.5461838150    
 
   5.00000000000       0.00000000000           8      99      18   15.5461838150    
   9.00000000000       0.00000000000           8      99      18   11.5461850393    
 
   9.00000000000      -80.0000000000           1      99      19  -8.45382114264    
   9.00000000000      -73.1658291457           1      99      19  -6.74527806242    
 
   9.00000000000      -73.1658291457           6      99      20  -6.74527806242    
   9.00000000000     -0.804020100502           6      99      20   11.3451762331    
 
   9.00000000000     -0.804020100502           8      99      21   11.3451762331    
   9.00000000000       0.00000000000           8      99      21   11.5461850393    
 
   5.00000000000      -80.0000000000           1      99      22  -4.45382157397    
   9.00000000000      -80.0000000000           1      99      22  -8.45382114264    
 
