        x200                y200             sp1     sp2     seg       pe
#             200             792            1767       9   28.2000000000     -0.999999044921      0.250000005160       20.5461582589       1.00000000000             19
   5.00000000000      -20.1005025126           1       4       1   10.5210373605    
   5.77386934673      -23.1155778894           1       4       1   8.99339977122    
 
   5.77386934673      -23.1155778894           4       2       2   8.99339977122    
   6.44723618090      -24.8699611535           4       2       2   7.91802378596    
   6.45728643216      -24.7236180905           4       2       2   7.90797360068    
 
   5.77386934673      -23.1155778894           2       1       3   8.99339977122    
   5.76381909548      -80.0000000000           2       1       3  -5.21765685986    
 
   6.45728643216      -24.7236180905           5       4       4   7.90797360068    
   6.45728643216     -0.603015075377           5       4       4   13.9381263595    
 
   6.45728643216      -24.7236180905           5       2       5   7.90797360068    
   6.48743718593      -25.0257940173           5       2       5   7.77732034449    
   8.32663316583      -32.3618090452           5       2       5   4.12908005535    
 
   6.45728643216     -0.603015075377           6       4       6   13.9381263595    
   5.02010050251     -0.603015075377           6       4       6   15.3753109977    
   5.00000000000     -0.804020100503           6       4       6   15.3451596988    
 
   6.45728643216     -0.603015075377           6       5       7   13.9381263595    
   9.00000000000     -0.603015075377           6       5       7   11.3954127998    
   9.00000000000     -0.804020100503           6       5       7   11.3451610064    
 
   8.32663316583      -32.3618090452           7       5       8   4.12908005535    
   9.00000000000      -34.1723195874           7       5       8   2.95319966230    
   9.00000000000      -34.5728643216           7       5       8   2.90294841229    
 
   8.32663316583      -32.3618090452           7       2       9   4.12908005535    
   8.31658291457      -80.0000000000           7       2       9  -7.77042020773    
 
   5.00000000000      -80.0000000000           1      99      10  -4.45383778457    
   5.00000000000      -20.1005025126           1      99      10   10.5210373605    
 
   5.00000000000      -20.1005025126           4      99      11   10.5210373605    
   5.00000000000     -0.804020100503           4      99      11   15.3451596988    
 
   5.00000000000     -0.804020100503           6      99      12   15.3451596988    
   5.00000000000       0.00000000000           6      99      12   15.5461685090    
 
   5.00000000000       0.00000000000           6      99      13   15.5461685090    
   9.00000000000       0.00000000000           6      99      13   11.5461698166    
 
   9.00000000000      -80.0000000000           7      99      14  -8.45383704840    
   9.00000000000      -34.5728643216           7      99      14   2.90294841229    
 
   9.00000000000      -34.5728643216           5      99      15   2.90294841229    
   9.00000000000     -0.804020100503           5      99      15   11.3451610064    
 
   9.00000000000     -0.804020100503           6      99      16   11.3451610064    
   9.00000000000       0.00000000000           6      99      16   11.5461698166    
 
   5.00000000000      -80.0000000000           1      99      17  -4.45383778457    
   5.76381909548      -80.0000000000           1      99      17  -5.21765685986    
 
   5.76381909548      -80.0000000000           2      99      18  -5.21765685986    
   8.31658291457      -80.0000000000           2      99      18  -7.77042020773    
 
   8.31658291457      -80.0000000000           7      99      19  -7.77042020773    
   9.00000000000      -80.0000000000           7      99      19  -8.45383704840    
 
