        x200                y200             sp1     sp2     seg       pe
#             200             792            1768       9   28.2000000000     -0.999998395162      0.250000003974       20.5461707131       1.00000000000             19
   5.00000000000      -20.1005025126           1       4       1   10.5210531464    
   5.04020100503      -20.0822552423           1       4       1   10.5311035423    
   5.81407035176      -23.1155778894           1       4       1   8.95321494064    
 
   5.81407035176      -23.1155778894           4       2       2   8.95321494064    
   6.39698492462      -24.7236180905           4       2       2   7.96829190674    
 
   5.81407035176      -23.1155778894           2       1       3   8.95321494064    
   5.82220290365      -67.1356783920           2       1       3  -2.05181013762    
   5.81938363057      -79.5979899497           2       1       3  -5.16738951257    
   5.80402010050      -80.0000000000           2       1       3  -5.25784166101    
 
   6.39698492462      -24.7236180905           5       4       4   7.96829190674    
   6.39698492462     -0.603015075377           5       4       4   13.9984441895    
 
   6.39698492462      -24.7236180905           5       2       5   7.96829190674    
   8.29648241206      -32.3388499689           5       2       5   4.15924670909    
   8.34673366834      -32.3618090452           5       2       5   4.10899527345    
 
   6.39698492462     -0.603015075377           6       4       6   13.9984441895    
   5.02010050251     -0.603015075377           6       4       6   15.3753263124    
   5.00000000000     -0.804020100503           6       4       6   15.3451750094    
 
   6.39698492462     -0.603015075377           6       5       7   13.9984441895    
   9.00000000000     -0.603015075377           6       5       7   11.3954280259    
   9.00000000000     -0.804020100503           6       5       7   11.3451762331    
 
   8.34673366834      -32.3618090452           7       5       8   4.10899527345    
   9.00000000000      -34.2598872379           7       5       8   2.95321536749    
   9.00000000000      -34.5728643216           7       5       8   2.90296411749    
 
   8.34673366834      -32.3618090452           7       2       9   4.10899527345    
   8.33668341709      -80.0000000000           7       2       9  -7.79050470755    
 
   5.00000000000      -80.0000000000           1      99      10  -4.45382157397    
   5.00000000000      -20.1005025126           1      99      10   10.5210531464    
 
   5.00000000000      -20.1005025126           4      99      11   10.5210531464    
   5.00000000000     -0.804020100503           4      99      11   15.3451750094    
 
   5.00000000000     -0.804020100503           6      99      12   15.3451750094    
   5.00000000000       0.00000000000           6      99      12   15.5461838150    
 
   5.00000000000       0.00000000000           6      99      13   15.5461838150    
   9.00000000000       0.00000000000           6      99      13   11.5461850393    
 
   9.00000000000      -80.0000000000           7      99      14  -8.45382114264    
   9.00000000000      -34.5728643216           7      99      14   2.90296411749    
 
   9.00000000000      -34.5728643216           5      99      15   2.90296411749    
   9.00000000000     -0.804020100503           5      99      15   11.3451762331    
 
   9.00000000000     -0.804020100503           6      99      16   11.3451762331    
   9.00000000000       0.00000000000           6      99      16   11.5461850393    
 
   5.00000000000      -80.0000000000           1      99      17  -4.45382157397    
   5.80402010050      -80.0000000000           1      99      17  -5.25784166101    
 
   5.80402010050      -80.0000000000           2      99      18  -5.25784166101    
   8.33668341709      -80.0000000000           2      99      18  -7.79050470755    
 
   8.33668341709      -80.0000000000           7      99      19  -7.79050470755    
   9.00000000000      -80.0000000000           7      99      19  -8.45382114264    
 
