        x200                y200             sp1     sp2     seg       pe
#             200             218             539       2   28.2000000000     -0.999999724765      0.250000024209       20.5461626218       1.00000000000              7
   5.00000000000     -0.804020100503           1       2       1   15.3451596988    
   5.04020100503     -0.603015075377           1       2       1   15.3552105035    
   9.00000000000     -0.603015075377           1       2       1   11.3954127998    
   9.00000000000     -0.804020100503           1       2       1   11.3451610064    
 
   5.00000000000      -80.0000000000           1      99       2  -4.45383778457    
   5.00000000000     -0.804020100503           1      99       2   15.3451596988    
 
   5.00000000000     -0.804020100503           2      99       3   15.3451596988    
   5.00000000000       0.00000000000           2      99       3   15.5461685090    
 
   5.00000000000       0.00000000000           2      99       4   15.5461685090    
   9.00000000000       0.00000000000           2      99       4   11.5461698166    
 
   9.00000000000      -80.0000000000           1      99       5  -8.45383704840    
   9.00000000000     -0.804020100503           1      99       5   11.3451610064    
 
   9.00000000000     -0.804020100503           2      99       6   11.3451610064    
   9.00000000000       0.00000000000           2      99       6   11.5461698166    
 
   5.00000000000      -80.0000000000           1      99       7  -4.45383778457    
   9.00000000000      -80.0000000000           1      99       7  -8.45383704840    
 
