        x200                y200             sp1     sp2     seg       pe
#             200             218             539       2   28.2000000000     -0.999999775670      0.250000017047       20.5461784679       1.00000000000              7
   5.00000000000     -0.804020100503           1       2       1   15.3451750094    
   5.04020100503     -0.603015075377           1       2       1   15.3552258231    
   9.00000000000     -0.603015075377           1       2       1   11.3954280259    
   9.00000000000     -0.804020100503           1       2       1   11.3451762331    
 
   5.00000000000      -80.0000000000           1      99       2  -4.45382157397    
   5.00000000000     -0.804020100503           1      99       2   15.3451750094    
 
   5.00000000000     -0.804020100503           2      99       3   15.3451750094    
   5.00000000000       0.00000000000           2      99       3   15.5461838150    
 
   5.00000000000       0.00000000000           2      99       4   15.5461838150    
   9.00000000000       0.00000000000           2      99       4   11.5461850393    
 
   9.00000000000      -80.0000000000           1      99       5  -8.45382114264    
   9.00000000000     -0.804020100503           1      99       5   11.3451762331    
 
   9.00000000000     -0.804020100503           2      99       6   11.3451762331    
   9.00000000000       0.00000000000           2      99       6   11.5461850393    
 
   5.00000000000      -80.0000000000           1      99       7  -4.45382157397    
   9.00000000000      -80.0000000000           1      99       7  -8.45382114264    
 
