        x200                y200             sp1     sp2     seg       pe
#             200            1097            2478      11   28.2000000000     -0.999999602277      0.250000007437       20.5461614427       1.00000000000             25
   5.00000000000      -55.4773869347           1       3       1   1.67681635589    
   5.04020100503      -55.0999611778           1       3       1   1.68686661728    
   5.59296482412      -52.8643216080           1       3       1   1.73711810374    
 
   5.59296482412      -52.8643216080           6       3       2   1.73711810374    
   5.59296482412     -0.603015075377           6       3       2   14.8024468643    
 
   5.59296482412      -52.8643216080           6       1       3   1.73711810374    
   6.09547738693      -52.4623115578           6       1       3   1.33510856727    
 
   5.59296482412     -0.603015075377           7       3       4   14.8024468643    
   5.02010050251     -0.603015075377           7       3       4   15.3753109977    
   5.00000000000     -0.804020100503           7       3       4   15.3451596988    
 
   5.59296482412     -0.603015075377           7       6       5   14.8024468643    
   6.09547738693     -0.603015075377           7       6       5   14.2999348264    
 
   6.09547738693      -52.4623115578           8       6       6   1.33510856727    
   6.08724988939      -4.02010050251           8       6       6   13.4456624018    
   6.09547738693     -0.603015075377           8       6       6   14.2999348264    
 
   6.09547738693      -52.4623115578           8       1       7   1.33510856727    
   6.48743718593      -52.6268140175           8       1       7  0.943149344432    
   6.51758793970      -52.4623115578           8       1       7  0.912998687678    
 
   6.09547738693     -0.603015075377           8       7       8   14.2999348264    
   6.51758793970     -0.603015075377           8       7       8   13.8778249465    
 
   6.51758793970      -52.4623115578           9       8       9  0.912998687678    
   6.51758793970     -0.603015075377           9       8       9   13.8778249465    
 
   6.51758793970      -52.4623115578           9       1      10  0.912998687678    
   6.54773869347      -52.6813678202           9       1      10  0.782345430270    
   7.05025125628      -53.1895119407           9       1      10  0.179330890695    
   8.13567839196      -53.4386343414           9       1      10 -0.906095809484    
   8.29648241206      -53.4095366004           9       1      10  -1.06689981683    
   8.70854271357      -52.4623115578           9       1      10  -1.27795594973    
 
   6.51758793970     -0.603015075377           9       7      11   13.8778249465    
   8.70854271357     -0.603015075377           9       7      11   11.6868703153    
 
   8.70854271357      -52.4623115578           9       8      12  -1.27795594973    
   8.69989023928      -40.2010050251           9       8      12   1.78737075038    
   8.70854271357     -0.603015075377           9       8      12   11.6868703153    
 
   8.70854271357      -52.4623115578           8       1      13  -1.27795594973    
   8.88944723618      -52.4623115578           8       1      13  -1.45886068092    
 
   8.70854271357     -0.603015075377           8       7      14   11.6868703153    
   8.88944723618     -0.603015075377           8       7      14   11.5059655835    
 
   8.88944723618      -52.4623115578          11       8      15  -1.45886068092    
   8.88944723618     -0.603015075377          11       8      15   11.5059655835    
 
   8.88944723618      -52.4623115578          11       1      16  -1.45886068092    
   9.00000000000      -52.8540124298          11       1      16  -1.66991608773    
   9.00000000000      -53.0653266332          11       1      16  -1.72016733773    
 
   8.88944723618     -0.603015075377          11       7      17   11.5059655835    
   9.00000000000     -0.603015075377          11       7      17   11.3954127998    
   9.00000000000     -0.804020100503          11       7      17   11.3451610064    
 
   5.00000000000      -80.0000000000           1      99      18  -4.45383778457    
   5.00000000000      -55.4773869347           1      99      18   1.67681635589    
 
   5.00000000000      -55.4773869347           3      99      19   1.67681635589    
   5.00000000000     -0.804020100503           3      99      19   15.3451596988    
 
   5.00000000000     -0.804020100503           7      99      20   15.3451596988    
   5.00000000000       0.00000000000           7      99      20   15.5461685090    
 
   5.00000000000       0.00000000000           7      99      21   15.5461685090    
   9.00000000000       0.00000000000           7      99      21   11.5461698166    
 
   9.00000000000      -80.0000000000           1      99      22  -8.45383704840    
   9.00000000000      -53.0653266332           1      99      22  -1.72016733773    
 
   9.00000000000      -53.0653266332          11      99      23  -1.72016733773    
   9.00000000000     -0.804020100503          11      99      23   11.3451610064    
 
   9.00000000000     -0.804020100503           7      99      24   11.3451610064    
   9.00000000000       0.00000000000           7      99      24   11.5461698166    
 
   5.00000000000      -80.0000000000           1      99      25  -4.45383778457    
   9.00000000000      -80.0000000000           1      99      25  -8.45383704840    
 
