        x200                y200             sp1     sp2     seg       pe
#             200            1102            2481       9   28.2000000000     -0.999998981882      0.250000003682       20.5461738813       1.00000000000             25
   5.00000000000      -54.2713567839           1       2       1   1.97833964252    
   5.04020100503      -53.9293885644           1       2       1   1.98838991341    
   5.24120603015      -53.5187010889           1       2       1   1.88788754769    
   5.25125628141      -53.6683417085           1       2       1   1.87783725590    
 
   5.25125628141      -53.6683417085           4       2       2   1.87783725590    
   5.25125628141     -0.603015075377           4       2       2   15.1441705424    
 
   5.25125628141      -53.6683417085           4       1       3   1.87783725590    
   6.14572864322      -53.0990303003           4       1       3   1.08386902360    
   6.15577889447      -53.2663316583           4       1       3   1.07381875021    
 
   5.25125628141     -0.603015075377           6       2       4   15.1441705424    
   5.02010050251     -0.603015075377           6       2       4   15.3753263124    
   5.00000000000     -0.804020100503           6       2       4   15.3451750094    
 
   5.25125628141     -0.603015075377           6       4       5   15.1441705424    
   6.15577889447     -0.603015075377           6       4       5   14.2396495373    
 
   6.15577889447      -53.2663316583           7       4       6   1.07381875021    
   6.15577889447     -0.603015075377           7       4       6   14.2396495373    
 
   6.15577889447      -53.2663316583           7       1       7   1.07381875021    
   6.92964824121      -54.2318326505           7       1       7  9.894630091312E-02
   7.79396984925      -54.5179298271           7       1       7 -0.865877030076    
   8.71355151122      -52.6633165829           7       1       7  -1.32819152370    
   8.70854271357      -52.4623115578           7       1       7  -1.27794022382    
 
   6.15577889447     -0.603015075377           7       6       8   14.2396495373    
   8.70854271357     -0.603015075377           7       6       8   11.6868855616    
 
   8.70854271357      -52.4623115578           8       7       9  -1.27794022382    
   8.71822342517      -51.4572864322           8       7       9  -1.02668377370    
   8.70854271357     -0.603015075377           8       7       9   11.6868855616    
 
   8.70854271357      -52.4623115578           8       1      10  -1.27794022382    
   8.72864321608      -52.4623115578           8       1      10  -1.29804075491    
 
   8.70854271357     -0.603015075377           8       6      11   11.6868855616    
   8.74874371859     -0.603015075377           8       6      11   11.6466845003    
 
   8.72864321608      -52.4623115578           8       5      12  -1.29804075491    
   8.73798616667      -51.4572864322           8       5      12  -1.04678430479    
   8.73810069896      -10.0502512563           8       5      12   9.30497445244    
   8.74874371859     -0.603015075377           8       5      12   11.6466845003    
 
   8.72864321608      -52.4623115578           5       1      13  -1.29804075491    
   8.86934673367      -52.4623115578           5       1      13  -1.43874444557    
 
   8.74874371859     -0.603015075377           6       5      14   11.6466845003    
   8.86934673367     -0.603015075377           6       5      14   11.5260813397    
 
   8.86934673367      -52.4623115578           9       5      15  -1.43874444557    
   8.86934673367     -0.603015075377           9       5      15   11.5260813397    
 
   8.86934673367      -52.4623115578           9       1      16  -1.43874444557    
   9.00000000000      -52.8837475363           9       1      16  -1.66990038251    
   9.00000000000      -53.0653266332           9       1      16  -1.72015163251    
 
   8.86934673367     -0.603015075377           9       6      17   11.5260813397    
   9.00000000000     -0.603015075377           9       6      17   11.3954280259    
   9.00000000000     -0.804020100503           9       6      17   11.3451762331    
 
   5.00000000000      -80.0000000000           1      99      18  -4.45382157397    
   5.00000000000      -54.2713567839           1      99      18   1.97833964252    
 
   5.00000000000      -54.2713567839           2      99      19   1.97833964252    
   5.00000000000     -0.804020100503           2      99      19   15.3451750094    
 
   5.00000000000     -0.804020100503           6      99      20   15.3451750094    
   5.00000000000       0.00000000000           6      99      20   15.5461838150    
 
   5.00000000000       0.00000000000           6      99      21   15.5461838150    
   9.00000000000       0.00000000000           6      99      21   11.5461850393    
 
   9.00000000000      -80.0000000000           1      99      22  -8.45382114264    
   9.00000000000      -53.0653266332           1      99      22  -1.72015163251    
 
   9.00000000000      -53.0653266332           9      99      23  -1.72015163251    
   9.00000000000     -0.804020100503           9      99      23   11.3451762331    
 
   9.00000000000     -0.804020100503           6      99      24   11.3451762331    
   9.00000000000       0.00000000000           6      99      24   11.5461850393    
 
   5.00000000000      -80.0000000000           1      99      25  -4.45382157397    
   9.00000000000      -80.0000000000           1      99      25  -8.45382114264    
 
