        x200                y200             sp1     sp2     seg       pe
#             200             742            1676      12   28.2000000000     -0.999999161458      0.250000009383       20.5461593018       1.00000000000             19
   5.00000000000      -63.5175879397           1       4       1 -0.333233897391    
   5.03780263570      -63.1155778894           1       4       1 -0.262882136761    
   5.74281868574      -60.3015075377           1       4       1 -0.262881822830    
   5.73366834171      -60.1005025126           1       4       1 -0.212630522906    
 
   5.73366834171      -60.1005025126           6       4       2 -0.212630522906    
   5.74319974634      -55.8793969849           6       4       2  0.842645928164    
   5.73366834171      -55.6783919598           6       4       2  0.892897228204    
 
   5.73366834171      -60.1005025126           6       1       3 -0.212630522906    
   5.78391959799      -60.2999523578           6       1       3 -0.262881646871    
   6.24623115578      -60.2998251716           6       1       3 -0.725192640781    
   6.25628140704      -60.1005025126           6       1       3 -0.735242950768    
 
   5.73366834171      -55.6783919598           7       4       4  0.892897228204    
   5.00000000000      -47.0351758794           7       4       4   3.78736910776    
 
   5.73366834171      -55.6783919598           7       6       5  0.892897228204    
   6.25628140704      -60.1005025126           7       6       5 -0.735242950768    
 
   6.25628140704      -60.1005025126           7       1       6 -0.735242950768    
   7.08040201005      -63.3165829146           7       1       6  -2.36338253673    
 
   7.08040201005      -63.3165829146           9       7       7  -2.36338253673    
   7.08969102021      -62.3115577889           9       7       7  -2.11212633620    
   7.08970009884      -55.8793969849           9       7       7 -0.504086085773    
   7.08040201005     -0.603015075377           9       7       7   13.3150114724    
 
   7.08040201005      -63.3165829146           9       1       8  -2.36338253673    
   9.00000000000      -74.9000898290           9       1       8  -7.19755582051    
   9.00000000000      -75.1758793970           9       1       8  -7.24780707072    
 
   7.08040201005     -0.603015075377          10       7       9   13.3150114724    
   5.02010050251     -0.603015075377          10       7       9   15.3753109977    
   5.00000000000     -0.804020100503          10       7       9   15.3451596988    
 
   7.08040201005     -0.603015075377          10       9      10   13.3150114724    
   9.00000000000     -0.603015075377          10       9      10   11.3954127998    
   9.00000000000     -0.804020100503          10       9      10   11.3451610064    
 
   5.00000000000      -80.0000000000           1      99      11  -4.45383778457    
   5.00000000000      -63.5175879397           1      99      11 -0.333233897391    
 
   5.00000000000      -63.5175879397           4      99      12 -0.333233897391    
   5.00000000000      -47.0351758794           4      99      12   3.78736910776    
 
   5.00000000000      -47.0351758794           7      99      13   3.78736910776    
   5.00000000000     -0.804020100503           7      99      13   15.3451596988    
 
   5.00000000000     -0.804020100503          10      99      14   15.3451596988    
   5.00000000000       0.00000000000          10      99      14   15.5461685090    
 
   5.00000000000       0.00000000000          10      99      15   15.5461685090    
   9.00000000000       0.00000000000          10      99      15   11.5461698166    
 
   9.00000000000      -80.0000000000           1      99      16  -8.45383704840    
   9.00000000000      -75.1758793970           1      99      16  -7.24780707072    
 
   9.00000000000      -75.1758793970           9      99      17  -7.24780707072    
   9.00000000000     -0.804020100503           9      99      17   11.3451610064    
 
   9.00000000000     -0.804020100503          10      99      18   11.3451610064    
   9.00000000000       0.00000000000          10      99      18   11.5461698166    
 
   5.00000000000      -80.0000000000           1      99      19  -4.45383778457    
   9.00000000000      -80.0000000000           1      99      19  -8.45383704840    
 
