        x200                y200             sp1     sp2     seg       pe
#             200             740            1674      10   28.2000000000     -0.999998520531      0.250000002839       20.5461714537       1.00000000000             19
   5.00000000000      -63.5175879397           1       3       1 -0.333218110488    
   5.79183373348      -60.3015075377           1       3       1 -0.323167053801    
   5.79396984925      -60.1005025126           1       3       1 -0.272915753921    
 
   5.79396984925      -60.1005025126           4       3       2 -0.272915753921    
   5.79396984925      -56.4824120603           4       3       2  0.631606996087    
 
   5.79396984925      -60.1005025126           4       1       3 -0.272915753921    
   5.84422110553      -60.3000306303           4       1       3 -0.323166826340    
   6.24623115578      -60.2998980999           4       1       3 -0.725175932132    
   6.25628140704      -60.1005025126           4       1       3 -0.735226229857    
 
   5.79396984925      -56.4824120603           5       3       4  0.631606996087    
   5.76226289982      -55.8793969849           5       3       4  0.822561618467    
   5.02010050251      -46.9784189977           5       3       4   3.81753565612    
   5.00000000000      -47.0351758794           5       3       4   3.78738489578    
 
   5.79396984925      -56.4824120603           5       4       5  0.631606996087    
   5.84422110553      -56.6545958313           5       4       5  0.581355798669    
   6.25628140704      -60.1005025126           5       4       5 -0.735226229857    
 
   6.25628140704      -60.1005025126           5       1       6 -0.735226229857    
   7.04020100503      -63.3165829146           5       1       6  -2.32316408102    
 
   7.04020100503      -63.3165829146           7       5       7  -2.32316408102    
   7.04020100503     -0.603015075377           7       5       7   13.3552294578    
 
   7.04020100503      -63.3165829146           7       1       8  -2.32316408102    
   9.00000000000      -75.0034612059           7       1       8  -7.19753991650    
   9.00000000000      -75.1758793970           7       1       8  -7.24779116662    
 
   7.04020100503     -0.603015075377           8       5       9   13.3552294578    
   5.02010050251     -0.603015075377           8       5       9   15.3753263124    
   5.00000000000     -0.804020100503           8       5       9   15.3451750094    
 
   7.04020100503     -0.603015075377           8       7      10   13.3552294578    
   9.00000000000     -0.603015075377           8       7      10   11.3954280259    
   9.00000000000     -0.804020100503           8       7      10   11.3451762331    
 
   5.00000000000      -80.0000000000           1      99      11  -4.45382157397    
   5.00000000000      -63.5175879397           1      99      11 -0.333218110488    
 
   5.00000000000      -63.5175879397           3      99      12 -0.333218110488    
   5.00000000000      -47.0351758794           3      99      12   3.78738489578    
 
   5.00000000000      -47.0351758794           5      99      13   3.78738489578    
   5.00000000000     -0.804020100503           5      99      13   15.3451750094    
 
   5.00000000000     -0.804020100503           8      99      14   15.3451750094    
   5.00000000000       0.00000000000           8      99      14   15.5461838150    
 
   5.00000000000       0.00000000000           8      99      15   15.5461838150    
   9.00000000000       0.00000000000           8      99      15   11.5461850393    
 
   9.00000000000      -80.0000000000           1      99      16  -8.45382114264    
   9.00000000000      -75.1758793970           1      99      16  -7.24779116662    
 
   9.00000000000      -75.1758793970           7      99      17  -7.24779116662    
   9.00000000000     -0.804020100503           7      99      17   11.3451762331    
 
   9.00000000000     -0.804020100503           8      99      18   11.3451762331    
   9.00000000000       0.00000000000           8      99      18   11.5461850393    
 
   5.00000000000      -80.0000000000           1      99      19  -4.45382157397    
   9.00000000000      -80.0000000000           1      99      19  -8.45382114264    
 
